63.6471
