72.1915
