57.5686
