62.1963
