67.7679
