62.7326
