55.2056
