27.0779
