71.6917
