70.3872
