66.5982
