30.3551
