39.2553
