26.7382
