61.5115
