31.1352
