67.0488
