60.7598
