66.0551
