55.7278
