33.1739
