65.751
