54.7677
