72.2739
