10.5155
