48.5907
